0,668
97,0
16,6
13,12
13,11
30,10
30,9
13,17
30,8
30,7
30,6
28,2
14,10
10,25
10,15
13,130
19,10
19,9
13,128
19,8
19,7
19,6
19,2
19,1
19,5
13,76
20,2
20,1
20,5
13,74
14,2
13,65
13,63
13,61
21,7
21,6
21,2
21,1
21,5
15,2
17,2
18,2
13,44
13,58
13,57
13,56
13,129
13,29
13,55
13,49
13,47
13,46
13,43
13,42
13,52
13,41
13,37
13,33
13,71
13,32
13,31
13,28
13,26
13,40
13,24
13,70
13,22
13,19
13,16
13,13
12,6
12,5
13,50
12,2
12,1
11,6
11,5
11,2
11,1
13,38
10,39
13,67
10,37
99,1
99,6
13,53
13,2
10,35
16,8
10,33
16,1
16,7
16,2
16,5
13,21
13,9
13,10
10,31
8,2
10,27
5,6
5,2
13,25
10,38
10,23
10,13
10,11
17,5
13,35
10,10
17,8
10,9
17,7
17,1
17,6
14,8
13,8
10,8
10,7
10,6
10,5
10,2
10,1
8,7
8,6
8,1
8,5
6,6
6,5
6,2
6,1
5,1
5,5
2,5
2,2
2,1
0,318
15,8
13,62
13,7
14,9
14,5
14,7
14,1
14,6
13,60
13,1
15,9
15,5
15,7
15,1
15,6
28,10
28,9
13,75
13,5
13,6
28,8
28,7
28,5
28,1
